SIZES
  narena                14680064
  nbuffer               372576
  nplugin               0
  maxuse_stack          9056
  maxuse_arena          32056
  maxuse_con            8
  maxuse_efc            32
  solver_nisland        1
  ne                    0
  nf                    0
  nl                    0
  nefc                  32
  nnzJ                  576
  ncon                  8
  nisland               0
  threadpool            0

TIMER
    0:  duration =  0.09       number = 1
    1:  duration =  0.088      number = 1
    2:  duration =  0          number = 0
    3:  duration =  0.061      number = 1
    4:  duration =  0.0039     number = 1
    5:  duration =  0.0013     number = 1
    6:  duration =  0.018      number = 1
    7:  duration =  0.00079    number = 1
    8:  duration =  0.0092     number = 1
    9:  duration =  0.004      number = 1
    10:  duration =  0.037      number = 1
    11:  duration =  0.01       number = 1
    12:  duration =  0.00017    number = 1
    13:  duration =  0.0069     number = 1
    14:  duration =  0.0064     number = 1

SOLVER STAT
  solver_nisland = 1
  solver_fwdinv =   0         0       
  ISLAND 0
    solver_niter = 1
    solver_nnz = 324
      0:  improvement =  6.7e-08     gradient =  5.6e-16     lineslope =  0       
          nactive = 30   nchange = 0   neval = 2   nupdate = 0

ENERGY =   0         0       

TIME =  5.8     

QPOS
  -0.0091  
  -0.00048 
   0.67    
   1       
   0.00058 
  -0.0019  
  -0.021   
  -0.036   
   0.17    
   0.049   
   0.062   
  -0.014   
  -0.17    
  -0.024   
  -0.16    
   0.15    
   0.038   
  -0.035   
   0.17    

QVEL
  -0.0014  
  -0.00093 
  -0.0011  
  -0.0004  
  -0.00077 
   0.0016  
  -0.0026  
   0.013   
  -0.0022  
   0.00017 
   0.0036  
  -0.012   
   0.00016 
  -0.011   
   0.00083 
  -0.002   
   0.00075 
   0.01    

QACC_WARMSTART
   7.9e-05 
   0.0014  
  -0.00018 
   0.00048 
  -0.0043  
  -0.015   
   0.037   
  -0.0033  
   0.022   
  -0.047   
   0.018   
   0.0045  
  -0.03    
   0.0055  
   0.02    
   0.055   
  -0.023   
  -0.0016  

CTRL
  -1.4     
   4.5     
  -0.092   
  -0.67    
   0.53    
  -2       
  -0.27    
  -2.8     
   0.3     
   0.34    
  -0.048   
   4.8     

QFRC_APPLIED
   0       
   0       
   0       
   0       
   0       
   0       
   0       
   0       
   0       
   0       
   0       
   0       
   0       
   0       
   0       
   0       
   0       
   0       

XFRC_APPLIED
   0         0         0         0         0         0       
   0         0         0         0         0         0       
   0         0         0         0         0         0       
   0         0         0         0         0         0       
   0         0         0         0         0         0       
   0         0         0         0         0         0       
   0         0         0         0         0         0       
   0         0         0         0         0         0       
   0         0         0         0         0         0       
   0         0         0         0         0         0       
   0         0         0         0         0         0       
   0         0         0         0         0         0       
   0         0         0         0         0         0       
   0         0         0         0         0         0       

QACC
   7.9e-05 
   0.0014  
  -0.00018 
   0.00048 
  -0.0043  
  -0.015   
   0.037   
  -0.0033  
   0.022   
  -0.047   
   0.018   
   0.0045  
  -0.03    
   0.0055  
   0.02    
   0.055   
  -0.023   
  -0.0016  

SENSOR
   1       
   0.00058 
  -0.0019  
  -0.021   
  -0.0004  
  -0.00076 
   0.0016  

XPOS
   0         0         0       
  -0.0091   -0.00047   0.67    
   0.058     0.1       0.55    
   0.059     0.1       0.53    
   0.063     0.12      0.45    
   0.055     0.14      0.32    
   0.05      0.18      0.041   
   0.05      0.19      0.029   
   0.049    -0.11      0.55    
   0.05     -0.11      0.53    
   0.052    -0.12      0.45    
   0.041    -0.15      0.32    
   0.036    -0.19      0.041   
   0.036    -0.19      0.03    

XQUAT
   1         0         0         0       
   1         0.00058  -0.0019   -0.021   
   1         0.00021  -0.02     -0.021   
   1         0.083    -0.021    -0.019   
   1         0.083    -0.023     0.0057  
   1         0.082     0.0076    0.0083  
   1         0.083     0.00056   0.0077  
   1        -0.0012   -9e-05     0.0077  
   1         0.00033  -0.014    -0.021   
   1        -0.081    -0.012    -0.022   
   1        -0.082    -0.0059    0.054   
   1        -0.083     0.013     0.053   
   1        -0.082    -0.0046    0.054   
   1         0.003    -1.5e-06   0.054   

XMAT
   1         0         0         0         1         0         0         0         1       
   1         0.041    -0.0039   -0.041     1        -0.0011    0.0039    0.0012    1       
   1         0.041    -0.04     -0.041     1         0.00039   0.04      0.0012    1       
   1         0.034    -0.046    -0.041     0.99     -0.17      0.04      0.17      0.99    
   1        -0.015    -0.046     0.0075    0.99     -0.17      0.048     0.16      0.99    
   1        -0.015     0.017     0.018     0.99     -0.16     -0.014     0.16      0.99    
   1        -0.015     0.0024    0.015     0.99     -0.16      0.00016   0.16      0.99    
   1        -0.015    -0.0002    0.015     1         0.0024    0.00016  -0.0024    1       
   1         0.041    -0.028    -0.041     1        -9.9e-05   0.028     0.0012    1       
   1         0.045    -0.021    -0.041     0.99      0.16      0.028    -0.16      0.99    
   0.99     -0.11     -0.021     0.11      0.98      0.16      0.003    -0.16      0.99    
   0.99     -0.11      0.017     0.1       0.98      0.17     -0.035    -0.16      0.99    
   0.99     -0.11     -0.018     0.11      0.98      0.16      0.00032  -0.16      0.99    
   0.99     -0.11      0.00032   0.11      0.99     -0.0059    0.00032   0.0059    1       

XIPOS
   0         0         0       
   0.045    -0.0028    0.76    
   0.059     0.096     0.53    
   0.062     0.11      0.48    
   0.06      0.13      0.36    
   0.047     0.16      0.19    
   0.046     0.19      0.033   
   0.05      0.19      0.02    
   0.051    -0.1       0.53    
   0.052    -0.12      0.48    
   0.046    -0.14      0.36    
   0.033    -0.17      0.2     
   0.032    -0.19      0.034   
   0.036    -0.19      0.02    

XIMAT
   1         0         0         0         1         0         0         0         1       
   1         0.041    -0.0065   -0.041     1        -0.00046   0.0065    0.00073   1       
   1         0.023    -0.024    -0.031     0.9      -0.43      0.012     0.43      0.9     
   0.034    -1        -0.063     0.99      0.044    -0.16      0.17     -0.056     0.98    
  -0.042    -0.99     -0.14      0.99     -0.019    -0.16      0.16     -0.14      0.98    
   0.99     -0.15     -0.031     0.14      0.98     -0.17      0.055     0.16      0.98    
  -0.015     0.22      0.98      0.99     -0.16      0.05      0.16      0.96     -0.21    
  -0.15      0.015     0.99     -2.3e-05  -1         0.016     0.99      0.0024    0.15    
   1         0.05      0.024    -0.056     0.89      0.44      0.0009   -0.44      0.9     
   0.045    -1        -0.038     0.99      0.038     0.16     -0.16     -0.044     0.99    
  -0.084    -0.99     -0.11      0.98     -0.1       0.15     -0.16     -0.098     0.98    
   1        -0.046    -0.03      0.05      0.99      0.16      0.022    -0.16      0.99    
  -0.11      0.2       0.97      0.98      0.18      0.071    -0.16      0.96     -0.21    
  -0.15      0.11      0.98     -0.022    -0.99      0.11      0.99     -0.0059    0.15    

XANCHOR
  -0.0091   -0.00047   0.67    
   0.058     0.1       0.55    
   0.059     0.1       0.53    
   0.063     0.12      0.45    
   0.055     0.14      0.32    
   0.05      0.18      0.041   
   0.05      0.19      0.029   
   0.049    -0.11      0.55    
   0.05     -0.11      0.53    
   0.052    -0.12      0.45    
   0.041    -0.15      0.32    
   0.036    -0.19      0.041   
   0.036    -0.19      0.03    

XAXIS
   0         0         1       
   0.041     1         0.0012  
   1        -0.041     0.04    
  -0.046    -0.17      0.99    
  -0.015     0.99      0.16    
  -0.015     0.99      0.16    
   1         0.015     0.00016 
   0.041     1         0.0012  
   1        -0.041     0.028   
  -0.021     0.16      0.99    
  -0.11      0.98     -0.16    
  -0.11      0.98     -0.16    
   0.99      0.11      0.00032 

GEOM_XPOS
   0         0         0       
   0.046    -0.0029    0.79    
   0.05     -0.0031    0.79    
   0.051    -0.0052    0.96    
   0.066    -0.0046    1.1     
   0.053     0.15      0.89    
   0.05      0.16      0.86    
   0.028     0.18      0.75    
   0.051     0.22      0.58    
   0.04     -0.15      0.89    
   0.037    -0.16      0.85    
   0.013    -0.19      0.75    
   0.032    -0.22      0.58    
   0.051    -0.0028    0.56    
   0.058     0.096     0.53    
   0.058     0.11      0.49    
   0.062     0.13      0.36    
   0.063     0.12      0.45    
   0.054     0.16      0.2     
   0.053     0.16      0.2     
   0.046     0.19      0.033   
   0.047     0.19      0.019   
   0.06      0.19      0.014   
   0.05     -0.1       0.53    
   0.048    -0.12      0.49    
   0.049    -0.14      0.36    
   0.052    -0.12      0.45    
   0.04     -0.17      0.2     
   0.038    -0.17      0.2     
   0.032    -0.19      0.033   
   0.033    -0.19      0.019   
   0.046    -0.19      0.015   

GEOM_XMAT
   1         0         0         0         1         0         0         0         1       
   1         0.041    -0.0083   -0.041     1        -0.00095   0.0082    0.0013    1       
   1         0.041    -0.0039   -0.041     1        -0.0011    0.0039    0.0012    1       
   0.054    -1         0.0079    1         0.054    -0.034     0.033     0.0097    1       
   1         0.042    -0.018    -0.042     1        -0.00028   0.018     0.001     1       
   0.19     -0.063     0.98     -0.0097   -1        -0.062     0.98      0.0025   -0.2     
   0.083     0.016     1         0.97     -0.22     -0.077     0.22      0.98     -0.034   
   0.98      0.081     0.18     -0.04      0.97     -0.22     -0.19      0.21      0.96    
   0.95      0.086    -0.31     -0.15      0.97     -0.17      0.29      0.21      0.93    
   0.2      -0.019     0.98     -0.0083   -1        -0.017     0.98     -0.0048   -0.2     
   0.0025   -0.034     1        -0.98     -0.21     -0.0048    0.21     -0.98     -0.034   
   0.98      0.00041  -0.2      -0.04     -0.98     -0.2      -0.2       0.2      -0.96    
   0.96      0.0054    0.3       0.066    -0.98     -0.2       0.29      0.21     -0.93    
   0.041    -0.84     -0.54      1         0.035     0.021     0.0013   -0.54      0.84    
   1         0.061    -0.013    -0.04      0.47     -0.88     -0.047     0.88      0.47    
   0.034    -0.27      0.96      0.99     -0.15     -0.077     0.17      0.95      0.26    
  -0.015    -1         0.081     0.99     -0.028    -0.16      0.16      0.078     0.98    
   1        -0.015    -0.046     0.0075    0.99     -0.17      0.048     0.16      0.99    
  -0.019    -1         0.011     0.98     -0.021    -0.17      0.17      0.0076    0.98    
   1        -0.015     0.017     0.018     0.99     -0.16     -0.014     0.16      0.99    
  -0.06      0.016     1        -0.17     -0.99      0.0052    0.98     -0.17      0.062   
   0.046     0.015     1         0.0031   -1         0.015     1         0.0024   -0.046   
   1        -0.015    -0.0002    0.015     1         0.0024    0.00016  -0.0024    1       
   1         0.032    -0.065    -0.042    -0.48     -0.88     -0.059     0.88     -0.47    
   0.045    -0.25      0.97      0.99      0.17     -0.0035   -0.16      0.96      0.25    
  -0.11     -0.99      0.11      0.98     -0.088     0.17     -0.16      0.12      0.98    
   0.99     -0.11     -0.021     0.11      0.98      0.16      0.003    -0.16      0.99    
  -0.1      -0.99      0.011     0.98     -0.1       0.17     -0.17      0.028     0.98    
   0.99     -0.11      0.017     0.1       0.98      0.17     -0.035    -0.16      0.99    
  -0.079     0.11      0.99      0.15     -0.98      0.12      0.99      0.16      0.062   
   0.047     0.11      0.99     -0.00083  -0.99      0.11      1        -0.0059   -0.046   
   0.99     -0.11      0.00032   0.11      0.99     -0.0059    0.00032   0.0059    1       

SITE_XPOS
  -0.0091   -0.00047   0.67    

SITE_XMAT
   1         0.041    -0.0039   -0.041     1        -0.0011    0.0039    0.0012    1       

LIGHT_XPOS
   0         0         5       
   0         0         4       

LIGHT_XDIR
   0         0        -1       
   0         0        -1       

SUBTREE_COM
   0.046    -0.0033    0.58    
   0.046    -0.0033    0.58    
   0.055     0.14      0.31    
   0.054     0.15      0.26    
   0.053     0.15      0.24    
   0.048     0.17      0.14    
   0.05      0.19      0.022   
   0.05      0.19      0.02    
   0.042    -0.15      0.31    
   0.04     -0.15      0.26    
   0.039    -0.16      0.24    
   0.034    -0.17      0.14    
   0.035    -0.19      0.022   
   0.036    -0.19      0.02    

CDOF
   0         0         0         1         0         0       
   0         0         0         0         1         0       
   0         0         0         0         0         1       
   1        -0.041     0.0039    0.0034    0.083    -0.00055 
   0.041     1         0.0012   -0.083     0.0035   -0.055   
  -0.0039   -0.0011    1         0.0029    0.055     7e-05   
   0.041     1         0.0012    0.032    -0.0013    0.0076  
   1        -0.041     0.04      0.0021   -0.052    -0.11    
  -0.046    -0.17      0.99      0.096    -0.01      0.0028  
  -0.015     0.99      0.16      0.29      0.0026    0.011   
  -0.015     0.99      0.16      0.57      0.0076    0.0068  
   1         0.015     0.00016   0.0086   -0.55     -0.19    
   0.041     1         0.0012    0.032    -0.0013    0.0076  
   1        -0.041     0.028    -0.0051   -0.052     0.11    
  -0.021     0.16      0.99     -0.096    -0.0027   -0.0016  
  -0.11      0.98     -0.16      0.28      0.027    -0.021   
  -0.11      0.98     -0.16      0.56      0.056    -0.03    
   0.99      0.11      0.00032   0.06     -0.55      0.19    

CINERT
   0         0         0         0         0         0         0         0         0         0       
   1.1       0.93      0.21     -0.0062    0.0066   -0.0017   -0.027     0.0099    3.4       19      
   0.014     0.0042    0.011    -0.0013    0.00067   0.0051    0.013     0.1      -0.051     1       
   0.011     0.0061    0.0058   -0.00073   0.00072   0.0049    0.0063    0.044    -0.04      0.39    
   0.17      0.13      0.043    -0.0044    0.0094    0.068     0.029     0.29     -0.48      2.2     
   0.34      0.29      0.048    -0.00031   0.0014    0.11      0.001     0.28     -0.67      1.7     
   0.025     0.022     0.0026   -4.7e-06   1.4e-05   0.0076    2.1e-05   0.014    -0.04      0.073   
   0.24      0.22      0.027    -0.0005    0.0013    0.073     0.0026    0.13     -0.39      0.69    
   0.014     0.004     0.011     0.00044   0.00023  -0.0051    0.0047   -0.1      -0.051     1       
   0.011     0.006     0.0056    0.00028   0.00028  -0.0048    0.0023   -0.044    -0.041     0.39    
   0.17      0.13      0.042     0.00041   0.0026   -0.068     0.00047  -0.29     -0.48      2.2     
   0.35      0.3       0.051    -0.0038   -0.0083   -0.12     -0.024    -0.29     -0.69      1.8     
   0.025     0.022     0.0027   -0.0002   -0.00056  -0.0076   -0.001    -0.014    -0.04      0.073   
   0.24      0.22      0.028    -0.0014   -0.0042   -0.073    -0.0072   -0.13     -0.39      0.69    

ACTUATOR_LENGTH
  -0.036   
   0.17    
   0.049   
   0.062   
  -0.014   
  -0.17    
  -0.024   
  -0.16    
   0.15    
   0.038   
  -0.035   
   0.17    

ACTUATOR_MOMENT
   0         0         0         0         0         0         1         0         0         0         0         0         0         0         0         0         0         0       
   0         0         0         0         0         0         0         1         0         0         0         0         0         0         0         0         0         0       
   0         0         0         0         0         0         0         0         1         0         0         0         0         0         0         0         0         0       
   0         0         0         0         0         0         0         0         0         1         0         0         0         0         0         0         0         0       
   0         0         0         0         0         0         0         0         0         0         1         0         0         0         0         0         0         0       
   0         0         0         0         0         0         0         0         0         0         0         1         0         0         0         0         0         0       
   0         0         0         0         0         0         0         0         0         0         0         0         1         0         0         0         0         0       
   0         0         0         0         0         0         0         0         0         0         0         0         0         1         0         0         0         0       
   0         0         0         0         0         0         0         0         0         0         0         0         0         0         1         0         0         0       
   0         0         0         0         0         0         0         0         0         0         0         0         0         0         0         1         0         0       
   0         0         0         0         0         0         0         0         0         0         0         0         0         0         0         0         1         0       
   0         0         0         0         0         0         0         0         0         0         0         0         0         0         0         0         0         1       

CRB
   0         0         0         0         0         0         0         0         0         0       
   2.7       2.3       0.49     -0.018     0.01     -0.0052    4.2e-17  -1.1e-16   3.1e-15   32      
   0.8       0.68      0.14     -0.0073    0.014     0.27      0.052     0.86     -1.7       6.1     
   0.79      0.67      0.13     -0.006     0.013     0.27      0.039     0.76     -1.6       5       
   0.78      0.67      0.12     -0.0052    0.012     0.26      0.033     0.72     -1.6       4.7     
   0.61      0.54      0.079    -0.00082   0.0027    0.2       0.0036    0.42     -1.1       2.5     
   0.27      0.24      0.03     -0.0005    0.0013    0.081     0.0026    0.14     -0.43      0.76    
   0.24      0.22      0.027    -0.0005    0.0013    0.073     0.0026    0.13     -0.39      0.69    
   0.81      0.68      0.14     -0.0043   -0.0099   -0.28     -0.025    -0.87     -1.7       6.1     
   0.8       0.68      0.13     -0.0047   -0.01     -0.27     -0.029    -0.77     -1.6       5.1     
   0.79      0.67      0.12     -0.005    -0.01     -0.27     -0.032    -0.73     -1.6       4.7     
   0.62      0.54      0.081    -0.0054   -0.013    -0.2      -0.032    -0.44     -1.1       2.5     
   0.27      0.24      0.03     -0.0016   -0.0047   -0.081    -0.0082   -0.14     -0.43      0.76    
   0.24      0.22      0.028    -0.0014   -0.0042   -0.073    -0.0072   -0.13     -0.39      0.69    

QM
   32        0         0         0.11     -2.6       0.092    -1.5       0.047     0.0013   -0.44     -0.015    -9.7e-05  -1.5       0.063     0.0088   -0.44     -0.015    -0.00068 
   0         32        0         2.6       0.11      1.7       0.06      1.3      -0.087    -0.0096   -0.0003    0.0063    0.061     1.4      -0.077    -0.044    -0.0016    0.0062  
   0         0         32       -0.018    -1.8       0.0022    0.029     0.22     -0.015     0.017     0.00043  -1.5e-05   0.035    -0.24      0.013     0.026     0.00043   3.7e-05 
   0.11      2.6      -0.018     2.9       7.6e-05   0.15      0.0054    0.74     -0.044    -0.014    -0.00066   0.0058   -0.0066    0.75     -0.037    -0.045    -0.0018    0.0057  
  -2.6       0.11     -1.8       7.6e-05   2.6      -0.0088    0.74     -0.0082   -0.0028    0.28      0.012     0.00033   0.75      0.0097   -0.0047    0.28      0.012     0.00086 
   0.092     1.7       0.0022    0.15     -0.0088    0.58      0.24      0.075     0.0021    0.082     0.0032    0.00022  -0.25      0.075     0.0055   -0.088    -0.0034   -2.2e-05 
  -1.5       0.06      0.029     0.0054    0.74      0.24      0.58      0.0048   -0.0032    0.23      0.01      0.00028   0         0         0         0         0         0       
   0.047     1.3       0.22      0.74     -0.0082    0.075     0.0048    0.53     -0.03     -0.011    -0.00052   0.0049    0         0         0         0         0         0       
   0.0013   -0.087    -0.015    -0.044    -0.0028    0.0021   -0.0032   -0.03      0.0096    3.7e-05   3e-05    -0.00043   0         0         0         0         0         0       
  -0.44     -0.0096    0.017    -0.014     0.28      0.082     0.23     -0.011     3.7e-05   0.13      0.0069   -2.9e-05   0         0         0         0         0         0       
  -0.015    -0.0003    0.00043  -0.00066   0.012     0.0032    0.01     -0.00052   3e-05     0.0069    0.0027   -2.5e-05   0         0         0         0         0         0       
  -9.7e-05   0.0063   -1.5e-05   0.0058    0.00033   0.00022   0.00028   0.0049   -0.00043  -2.9e-05  -2.5e-05   0.0018    0         0         0         0         0         0       
  -1.5       0.061     0.035    -0.0066    0.75     -0.25      0         0         0         0         0         0         0.58     -0.0044   -0.0025    0.23      0.01      0.00076 
   0.063     1.4      -0.24      0.75      0.0097    0.075     0         0         0         0         0         0        -0.0044    0.53     -0.025    -0.035    -0.0015    0.0049  
   0.0088   -0.077     0.013    -0.037    -0.0047    0.0055    0         0         0         0         0         0        -0.0025   -0.025     0.0091    1.5e-05  -2.9e-05  -0.0003  
  -0.44     -0.044     0.026    -0.045     0.28     -0.088     0         0         0         0         0         0         0.23     -0.035     1.5e-05   0.13      0.0069    3.6e-05 
  -0.015    -0.0016    0.00043  -0.0018    0.012    -0.0034    0         0         0         0         0         0         0.01     -0.0015   -2.9e-05   0.0069    0.0027    2.5e-05 
  -0.00068   0.0062    3.7e-05   0.0057    0.00086  -2.2e-05   0         0         0         0         0         0         0.00076   0.0049   -0.0003    3.6e-05   2.5e-05   0.0018  

QLD
   19       -0.012     0.15     -0.077     2         0.16     -4.2       0.031     0.14     -3.5      -5.5      -0.054    -4.2      -0.066     0.98     -3.5      -5.5      -0.38    
  -0.012     18       -0.0051   -1.1      -0.066     4.3       0.076     2.5      -9        -0.078    -0.08      3.5      -0.039     2.5      -8.4      -0.35     -0.6       3.5     
   0.15     -0.0051    26        0.0084   -2.8       0.035    -0.069     0.43     -1.5       0.14      0.16     -0.0082    0.086    -0.43      1.4       0.21      0.16      0.021   
  -0.077    -1.1       0.0084    0.84      0.0036   -0.19     -0.024     1.4      -4.5      -0.11     -0.21      3.2      -0.036     1.4      -3.9      -0.35     -0.7       3.2     
   2        -0.066    -2.8       0.0036    0.66     -0.00021   1.5       0.015    -0.29      2.2       4.4       0.18      1.5       0.15     -0.51      2.2       4.4       0.48    
   0.16      4.3       0.035    -0.19     -0.00021   0.32      0.59      0.21      0.23      0.65      1.2       0.12     -0.61      0.15      0.61     -0.69     -1.2      -0.012   
  -4.2       0.076    -0.069    -0.024     1.5       0.59      0.16      0.033    -0.33      1.8       3.8       0.16      0         0         0         0         0         0       
   0.031     2.5       0.43      1.4       0.015     0.21      0.033     0.42     -3.1      -0.087    -0.17      2.7       0         0         0         0         0         0       
   0.14     -9        -1.5      -4.5      -0.29      0.23     -0.33     -3.1       0.0095   -0.00027   0.0088   -0.24      0         0         0         0         0         0       
  -3.5      -0.078     0.14     -0.11      2.2       0.65      1.8      -0.087    -0.00027   0.11      2.5      -0.016     0         0         0         0         0         0       
  -5.5      -0.08      0.16     -0.21      4.4       1.2       3.8      -0.17      0.0088    2.5       0.0027   -0.014     0         0         0         0         0         0       
  -0.054     3.5      -0.0082    3.2       0.18      0.12      0.16      2.7      -0.24     -0.016    -0.014     0.0018    0         0         0         0         0         0       
  -4.2      -0.039     0.086    -0.036     1.5      -0.61      0         0         0         0         0         0         0.17      0.11     -0.27      1.8       3.7       0.42    
  -0.066     2.5      -0.43      1.4       0.15      0.15      0         0         0         0         0         0         0.11      0.45     -2.6      -0.27     -0.58      2.7     
   0.98     -8.4       1.4      -3.9      -0.51      0.61      0         0         0         0         0         0        -0.27     -2.6       0.0091    0.00073  -0.0091   -0.17    
  -3.5      -0.35      0.21     -0.35      2.2      -0.69      0         0         0         0         0         0         1.8      -0.27      0.00073   0.11      2.5       0.02    
  -5.5      -0.6       0.16     -0.7       4.4      -1.2       0         0         0         0         0         0         3.7      -0.58     -0.0091    2.5       0.0027    0.014   
  -0.38      3.5       0.021     3.2       0.48     -0.012     0         0         0         0         0         0         0.42      2.7      -0.17      0.02      0.014     0.0018  

QLDIAGINV
   0.052   
   0.057   
   0.038   
   1.2     
   1.5     
   3.1     
   6.2     
   2.4     
   1.1e+02 
   8.7     
   3.7e+02 
   5.6e+02 
   6       
   2.2     
   1.1e+02 
   8.7     
   3.7e+02 
   5.6e+02 

QLDIAGSQRTINV
   0.23    
   0.24    
   0.19    
   1.1     
   1.2     
   1.8     
   2.5     
   1.5     
   10      
   3       
   19      
   24      
   2.5     
   1.5     
   11      
   3       
   19      
   24      

B_rownnz              18 18 12 12 12 12 12 12 12 12 12 12 12 12

B_rowadr              0 18 36 48 60 72 84 96 108 120 132 144 156 168

B_colind              0 1 2 3 4 5 6 7 8 9 10 11 12 13 14 15 16 17 0 1 2 3 4 5 6 7 8 9 10 11 12 13 14 15 16 17 0 1 2 3 4 5 6 7 8 9 10 11 0 1 2 3 4 5 6 7 8 9 10 11 0 1 2 3 4 5 6 7 8 9 10 11 0 1 2 3 4 5 6 7 8 9 10 11 0 1 2 3 4 5 6 7 8 9 10 11 0 1 2 3 4 5 6 7 8 9 10 11 0 1 2 3 4 5 12 13 14 15 16 17 0 1 2 3 4 5 12 13 14 15 16 17 0 1 2 3 4 5 12 13 14 15 16 17 0 1 2 3 4 5 12 13 14 15 16 17 0 1 2 3 4 5 12 13 14 15 16 17 0 1 2 3 4 5 12 13 14 15 16 17

C_rownnz              18 18 18 18 18 18 12 12 12 12 12 12 12 12 12 12 12 12

C_rowadr              0 18 36 54 72 90 108 120 132 144 156 168 180 192 204 216 228 240

C_colind              0 1 2 3 4 5 6 7 8 9 10 11 12 13 14 15 16 17 0 1 2 3 4 5 6 7 8 9 10 11 12 13 14 15 16 17 0 1 2 3 4 5 6 7 8 9 10 11 12 13 14 15 16 17 0 1 2 3 4 5 6 7 8 9 10 11 12 13 14 15 16 17 0 1 2 3 4 5 6 7 8 9 10 11 12 13 14 15 16 17 0 1 2 3 4 5 6 7 8 9 10 11 12 13 14 15 16 17 0 1 2 3 4 5 6 7 8 9 10 11 0 1 2 3 4 5 6 7 8 9 10 11 0 1 2 3 4 5 6 7 8 9 10 11 0 1 2 3 4 5 6 7 8 9 10 11 0 1 2 3 4 5 6 7 8 9 10 11 0 1 2 3 4 5 6 7 8 9 10 11 0 1 2 3 4 5 12 13 14 15 16 17 0 1 2 3 4 5 12 13 14 15 16 17 0 1 2 3 4 5 12 13 14 15 16 17 0 1 2 3 4 5 12 13 14 15 16 17 0 1 2 3 4 5 12 13 14 15 16 17 0 1 2 3 4 5 12 13 14 15 16 17

mapM2C                0 2 5 9 14 20 27 35 44 54 65 77 84 92 101 111 122 134 2 1 4 8 13 19 26 34 43 53 64 76 83 91 100 110 121 133 5 4 3 7 12 18 25 33 42 52 63 75 82 90 99 109 120 132 9 8 7 6 11 17 24 32 41 51 62 74 81 89 98 108 119 131 14 13 12 11 10 16 23 31 40 50 61 73 80 88 97 107 118 130 20 19 18 17 16 15 22 30 39 49 60 72 79 87 96 106 117 129 27 26 25 24 23 22 21 29 38 48 59 71 35 34 33 32 31 30 29 28 37 47 58 70 44 43 42 41 40 39 38 37 36 46 57 69 54 53 52 51 50 49 48 47 46 45 56 68 65 64 63 62 61 60 59 58 57 56 55 67 77 76 75 74 73 72 71 70 69 68 67 66 84 83 82 81 80 79 78 86 95 105 116 128 92 91 90 89 88 87 86 85 94 104 115 127 101 100 99 98 97 96 95 94 93 103 114 126 111 110 109 108 107 106 105 104 103 102 113 125 122 121 120 119 118 117 116 115 114 113 112 124 134 133 132 131 130 129 128 127 126 125 124 123

D_rownnz              18 18 18 18 18 18 12 12 12 12 12 12 12 12 12 12 12 12

D_rowadr              0 18 36 54 72 90 108 120 132 144 156 168 180 192 204 216 228 240

D_colind              0 1 2 3 4 5 6 7 8 9 10 11 12 13 14 15 16 17 0 1 2 3 4 5 6 7 8 9 10 11 12 13 14 15 16 17 0 1 2 3 4 5 6 7 8 9 10 11 12 13 14 15 16 17 0 1 2 3 4 5 6 7 8 9 10 11 12 13 14 15 16 17 0 1 2 3 4 5 6 7 8 9 10 11 12 13 14 15 16 17 0 1 2 3 4 5 6 7 8 9 10 11 12 13 14 15 16 17 0 1 2 3 4 5 6 7 8 9 10 11 0 1 2 3 4 5 6 7 8 9 10 11 0 1 2 3 4 5 6 7 8 9 10 11 0 1 2 3 4 5 6 7 8 9 10 11 0 1 2 3 4 5 6 7 8 9 10 11 0 1 2 3 4 5 6 7 8 9 10 11 0 1 2 3 4 5 12 13 14 15 16 17 0 1 2 3 4 5 12 13 14 15 16 17 0 1 2 3 4 5 12 13 14 15 16 17 0 1 2 3 4 5 12 13 14 15 16 17 0 1 2 3 4 5 12 13 14 15 16 17 0 1 2 3 4 5 12 13 14 15 16 17

mapM2D                0 2 5 9 14 20 27 35 44 54 65 77 84 92 101 111 122 134 2 1 4 8 13 19 26 34 43 53 64 76 83 91 100 110 121 133 5 4 3 7 12 18 25 33 42 52 63 75 82 90 99 109 120 132 9 8 7 6 11 17 24 32 41 51 62 74 81 89 98 108 119 131 14 13 12 11 10 16 23 31 40 50 61 73 80 88 97 107 118 130 20 19 18 17 16 15 22 30 39 49 60 72 79 87 96 106 117 129 27 26 25 24 23 22 21 29 38 48 59 71 35 34 33 32 31 30 29 28 37 47 58 70 44 43 42 41 40 39 38 37 36 46 57 69 54 53 52 51 50 49 48 47 46 45 56 68 65 64 63 62 61 60 59 58 57 56 55 67 77 76 75 74 73 72 71 70 69 68 67 66 84 83 82 81 80 79 78 86 95 105 116 128 92 91 90 89 88 87 86 85 94 104 115 127 101 100 99 98 97 96 95 94 93 103 114 126 111 110 109 108 107 106 105 104 103 102 113 125 122 121 120 119 118 117 116 115 114 113 112 124 134 133 132 131 130 129 128 127 126 125 124 123

mapD2M                0 19 18 38 37 36 57 56 55 54 76 75 74 73 72 95 94 93 92 91 90 114 113 112 111 110 109 108 127 126 125 124 123 122 121 120 140 139 138 137 136 135 134 133 132 153 152 151 150 149 148 147 146 145 144 166 165 164 163 162 161 160 159 158 157 156 179 178 177 176 175 174 173 172 171 170 169 168 186 185 184 183 182 181 180 199 198 197 196 195 194 193 192 212 211 210 209 208 207 206 205 204 225 224 223 222 221 220 219 218 217 216 238 237 236 235 234 233 232 231 230 229 228 251 250 249 248 247 246 245 244 243 242 241 240

QDERIV
   0         0         0         0         0         0         0         0         0         0         0         0         0         0         0         0         0         0       
   0         0         0         0         0         0         0         0         0         0         0         0         0         0         0         0         0         0       
   0         0         0         0         0         0         0         0         0         0         0         0         0         0         0         0         0         0       
   0         0         0         0         0         0         0         0         0         0         0         0         0         0         0         0         0         0       
   0         0         0         0         0         0         0         0         0         0         0         0         0         0         0         0         0         0       
   0         0         0         0         0         0         0         0         0         0         0         0         0         0         0         0         0         0       
   0         0         0         0         0         0         0         0         0         0         0         0         0         0         0         0         0         0       
   0         0         0         0         0         0         0         0         0         0         0         0         0         0         0         0         0         0       
   0         0         0         0         0         0         0         0         0         0         0         0         0         0         0         0         0         0       
   0         0         0         0         0         0         0         0         0         0         0         0         0         0         0         0         0         0       
   0         0         0         0         0         0         0         0         0         0         0         0         0         0         0         0         0         0       
   0         0         0         0         0         0         0         0         0         0         0         0         0         0         0         0         0         0       
   0         0         0         0         0         0         0         0         0         0         0         0         0         0         0         0         0         0       
   0         0         0         0         0         0         0         0         0         0         0         0         0         0         0         0         0         0       
   0         0         0         0         0         0         0         0         0         0         0         0         0         0         0         0         0         0       
   0         0         0         0         0         0         0         0         0         0         0         0         0         0         0         0         0         0       
   0         0         0         0         0         0         0         0         0         0         0         0         0         0         0         0         0         0       
   0         0         0         0         0         0         0         0         0         0         0         0         0         0         0         0         0         0       

QLU
   0         0         0         0         0         0         0         0         0         0         0         0         0         0         0         0         0         0       
   0         0         0         0         0         0         0         0         0         0         0         0         0         0         0         0         0         0       
   0         0         0         0         0         0         0         0         0         0         0         0         0         0         0         0         0         0       
   0         0         0         0         0         0         0         0         0         0         0         0         0         0         0         0         0         0       
   0         0         0         0         0         0         0         0         0         0         0         0         0         0         0         0         0         0       
   0         0         0         0         0         0         0         0         0         0         0         0         0         0         0         0         0         0       
   0         0         0         0         0         0         0         0         0         0         0         0         0         0         0         0         0         0       
   0         0         0         0         0         0         0         0         0         0         0         0         0         0         0         0         0         0       
   0         0         0         0         0         0         0         0         0         0         0         0         0         0         0         0         0         0       
   0         0         0         0         0         0         0         0         0         0         0         0         0         0         0         0         0         0       
   0         0         0         0         0         0         0         0         0         0         0         0         0         0         0         0         0         0       
   0         0         0         0         0         0         0         0         0         0         0         0         0         0         0         0         0         0       
   0         0         0         0         0         0         0         0         0         0         0         0         0         0         0         0         0         0       
   0         0         0         0         0         0         0         0         0         0         0         0         0         0         0         0         0         0       
   0         0         0         0         0         0         0         0         0         0         0         0         0         0         0         0         0         0       
   0         0         0         0         0         0         0         0         0         0         0         0         0         0         0         0         0         0       
   0         0         0         0         0         0         0         0         0         0         0         0         0         0         0         0         0         0       
   0         0         0         0         0         0         0         0         0         0         0         0         0         0         0         0         0         0       

CONTACT
  0:
     dim           3
     geoms         ground : 22
     exclude       0
     efc_address   0
     solref         0.02      1       
     solimp         0.9       0.95      0.001     0.5       2       
     dist          -0.00041 
     includemargin  0       
     pos           -0.051     0.14     -0.0002  
     frame          0         0         1         0         1         0        -1         0         0       
     friction       1         1         0.005     0.0001    0.0001  
     mu             1       
  1:
     dim           3
     geoms         ground : 22
     exclude       0
     efc_address   4
     solref         0.02      1       
     solimp         0.9       0.95      0.001     0.5       2       
     dist          -0.00037 
     includemargin  0       
     pos            0.17      0.14     -0.00019 
     frame          0         0         1         0         1         0        -1         0         0       
     friction       1         1         0.005     0.0001    0.0001  
     mu             1       
  2:
     dim           3
     geoms         ground : 22
     exclude       0
     efc_address   8
     solref         0.02      1       
     solimp         0.9       0.95      0.001     0.5       2       
     dist          -0.00064 
     includemargin  0       
     pos           -0.052     0.24     -0.00032 
     frame          0         0         1         0         1         0        -1         0         0       
     friction       1         1         0.005     0.0001    0.0001  
     mu             1       
  3:
     dim           3
     geoms         ground : 22
     exclude       0
     efc_address   12
     solref         0.02      1       
     solimp         0.9       0.95      0.001     0.5       2       
     dist          -0.00061 
     includemargin  0       
     pos            0.17      0.24     -0.0003  
     frame          0         0         1         0         1         0        -1         0         0       
     friction       1         1         0.005     0.0001    0.0001  
     mu             1       
  4:
     dim           3
     geoms         ground : 31
     exclude       0
     efc_address   16
     solref         0.02      1       
     solimp         0.9       0.95      0.001     0.5       2       
     dist          -0.00072 
     includemargin  0       
     pos           -0.06     -0.25     -0.00036 
     frame          0         0         1         0         1         0        -1         0         0       
     friction       1         1         0.005     0.0001    0.0001  
     mu             1       
  5:
     dim           3
     geoms         ground : 31
     exclude       0
     efc_address   20
     solref         0.02      1       
     solimp         0.9       0.95      0.001     0.5       2       
     dist          -0.00065 
     includemargin  0       
     pos            0.16     -0.23     -0.00032 
     frame          0         0         1         0         1         0        -1         0         0       
     friction       1         1         0.005     0.0001    0.0001  
     mu             1       
  6:
     dim           3
     geoms         ground : 31
     exclude       0
     efc_address   24
     solref         0.02      1       
     solimp         0.9       0.95      0.001     0.5       2       
     dist          -0.00013 
     includemargin  0       
     pos           -0.07     -0.15     -6.5e-05 
     frame          0         0         1         0         1         0        -1         0         0       
     friction       1         1         0.005     0.0001    0.0001  
     mu             1       
  7:
     dim           3
     geoms         ground : 31
     exclude       0
     efc_address   28
     solref         0.02      1       
     solimp         0.9       0.95      0.001     0.5       2       
     dist          -5.7e-05 
     includemargin  0       
     pos            0.15     -0.13     -2.9e-05 
     frame          0         0         1         0         1         0        -1         0         0       
     friction       1         1         0.005     0.0001    0.0001  
     mu             1       

EFC_TYPE
  6
  6
  6
  6
  6
  6
  6
  6
  6
  6
  6
  6
  6
  6
  6
  6
  6
  6
  6
  6
  6
  6
  6
  6
  6
  6
  6
  6
  6
  6
  6
  6

EFC_ID
  0
  0
  0
  0
  1
  1
  1
  1
  2
  2
  2
  2
  3
  3
  3
  3
  4
  4
  4
  4
  5
  5
  5
  5
  6
  6
  6
  6
  7
  7
  7
  7

EFC_J
   0         1         1         0.8       0.074    -0.045     0.13      0.55     -0.15      0.082     0.083    -0.02      0         0         0         0         0         0       
   0        -1         1        -0.53      0.02      0.043     0.087    -0.5       0.11      0.13      0.12     -0.08      0         0         0         0         0         0       
  -1         0         1         0.11      0.71      0.13      0.66      0.007    -0.076     0.42      0.13     -0.05      0         0         0         0         0         0       
   1         0         1         0.16     -0.62     -0.14     -0.44      0.048     0.036    -0.21      0.067    -0.051     0         0         0         0         0         0       
   0         1         1         0.81     -0.15      0.18     -0.09      0.57      0.1      -0.1      -0.1      -0.02      0         0         0         0         0         0       
   0        -1         1        -0.52     -0.2      -0.18     -0.14     -0.49     -0.07     -0.13     -0.14     -0.08      0         0         0         0         0         0       
  -1         0         1         0.12      0.49      0.14      0.44      0.02     -0.036     0.2      -0.087    -0.05      0         0         0         0         0         0       
   1         0         1         0.17     -0.84     -0.14     -0.66      0.061     0.07     -0.43     -0.15     -0.051     0         0         0         0         0         0       
   0         1         1         0.9       0.08     -0.047     0.14      0.65     -0.16      0.082     0.083     0.08      0         0         0         0         0         0       
   0        -1         1        -0.43      0.025     0.045     0.093    -0.4       0.11      0.13      0.12      0.02      0         0         0         0         0         0       
  -1         0         1         0.21      0.72      0.23      0.67      0.11      0.018     0.43      0.15      0.05      0         0         0         0         0         0       
   1         0         1         0.26     -0.61     -0.24     -0.44      0.14     -0.067    -0.23      0.051     0.049     0         0         0         0         0         0       
   0         1         1         0.91     -0.14      0.18     -0.084     0.67      0.098    -0.1      -0.1       0.08      0         0         0         0         0         0       
   0        -1         1        -0.42     -0.2      -0.18     -0.13     -0.39     -0.074    -0.13     -0.14      0.02      0         0         0         0         0         0       
  -1         0         1         0.22      0.5       0.24      0.44      0.12      0.058     0.21     -0.07      0.05      0         0         0         0         0         0       
   1         0         1         0.27     -0.84     -0.24     -0.66      0.16     -0.034    -0.45     -0.17      0.049     0         0         0         0         0         0       
   0         1         1         0.41      0.067    -0.052     0         0         0         0         0         0         0.13      0.38     -0.098     0.092     0.11     -0.02    
   0        -1         1        -0.92      0.013     0.054     0         0         0         0         0         0         0.08     -0.68      0.14      0.13      0.089    -0.08    
  -1         0         1        -0.28      0.71     -0.25      0         0         0         0         0         0         0.65     -0.18     -0.037     0.44      0.15     -0.047   
   1         0         1        -0.23     -0.63      0.26      0         0         0         0         0         0        -0.45     -0.12      0.078    -0.22      0.049    -0.053   
   0         1         1         0.44     -0.15      0.17      0         0         0         0         0         0        -0.095     0.42      0.084    -0.16     -0.14     -0.02    
   0        -1         1        -0.89     -0.21     -0.17      0         0         0         0         0         0        -0.14     -0.65     -0.12     -0.056    -0.095    -0.08    
  -1         0         1        -0.25      0.48     -0.23      0         0         0         0         0         0         0.43     -0.14     -0.05      0.22     -0.073    -0.047   
   1         0         1        -0.19     -0.85      0.23      0         0         0         0         0         0        -0.67     -0.091     0.018    -0.44     -0.17     -0.053   
   0         1         1         0.51      0.082    -0.063     0         0         0         0         0         0         0.14      0.48     -0.11      0.094     0.11      0.08    
   0        -1         1        -0.82      0.028     0.064     0         0         0         0         0         0         0.095    -0.58      0.15      0.13      0.087     0.021   
  -1         0         1        -0.18      0.72     -0.15      0         0         0         0         0         0         0.67     -0.074     0.061     0.42      0.13      0.053   
   1         0         1        -0.13     -0.61      0.16      0         0         0         0         0         0        -0.43     -0.028    -0.02     -0.2       0.065     0.047   
   0         1         1         0.54     -0.14      0.16      0         0         0         0         0         0        -0.08      0.51      0.073    -0.16     -0.14      0.08    
   0        -1         1        -0.79     -0.19     -0.16      0         0         0         0         0         0        -0.13     -0.55     -0.1      -0.058    -0.097     0.021   
  -1         0         1        -0.15      0.5      -0.13      0         0         0         0         0         0         0.45     -0.04      0.048     0.2      -0.089     0.053   
   1         0         1        -0.096    -0.83      0.13      0         0         0         0         0         0        -0.65      0.0046   -0.08     -0.42     -0.15      0.047   

EFC_POS
  -0.00041 
  -0.00041 
  -0.00041 
  -0.00041 
  -0.00037 
  -0.00037 
  -0.00037 
  -0.00037 
  -0.00064 
  -0.00064 
  -0.00064 
  -0.00064 
  -0.00061 
  -0.00061 
  -0.00061 
  -0.00061 
  -0.00072 
  -0.00072 
  -0.00072 
  -0.00072 
  -0.00065 
  -0.00065 
  -0.00065 
  -0.00065 
  -0.00013 
  -0.00013 
  -0.00013 
  -0.00013 
  -5.7e-05 
  -5.7e-05 
  -5.7e-05 
  -5.7e-05 

EFC_MARGIN
   0       
   0       
   0       
   0       
   0       
   0       
   0       
   0       
   0       
   0       
   0       
   0       
   0       
   0       
   0       
   0       
   0       
   0       
   0       
   0       
   0       
   0       
   0       
   0       
   0       
   0       
   0       
   0       
   0       
   0       
   0       
   0       

EFC_FRICTIONLOSS
   0       
   0       
   0       
   0       
   0       
   0       
   0       
   0       
   0       
   0       
   0       
   0       
   0       
   0       
   0       
   0       
   0       
   0       
   0       
   0       
   0       
   0       
   0       
   0       
   0       
   0       
   0       
   0       
   0       
   0       
   0       
   0       

EFC_DIAGAPPROX
   1.7     
   1.7     
   1.7     
   1.7     
   1.7     
   1.7     
   1.7     
   1.7     
   1.7     
   1.7     
   1.7     
   1.7     
   1.7     
   1.7     
   1.7     
   1.7     
   1.7     
   1.7     
   1.7     
   1.7     
   1.7     
   1.7     
   1.7     
   1.7     
   1.7     
   1.7     
   1.7     
   1.7     
   1.7     
   1.7     
   1.7     
   1.7     

EFC_KBIP
   2.8e+03   1.1e+02   0.92     -82      
   2.8e+03   1.1e+02   0.92     -82      
   2.8e+03   1.1e+02   0.92     -82      
   2.8e+03   1.1e+02   0.92     -82      
   2.8e+03   1.1e+02   0.91     -74      
   2.8e+03   1.1e+02   0.91     -74      
   2.8e+03   1.1e+02   0.91     -74      
   2.8e+03   1.1e+02   0.91     -74      
   2.8e+03   1.1e+02   0.94     -71      
   2.8e+03   1.1e+02   0.94     -71      
   2.8e+03   1.1e+02   0.94     -71      
   2.8e+03   1.1e+02   0.94     -71      
   2.8e+03   1.1e+02   0.93     -79      
   2.8e+03   1.1e+02   0.93     -79      
   2.8e+03   1.1e+02   0.93     -79      
   2.8e+03   1.1e+02   0.93     -79      
   2.8e+03   1.1e+02   0.94     -56      
   2.8e+03   1.1e+02   0.94     -56      
   2.8e+03   1.1e+02   0.94     -56      
   2.8e+03   1.1e+02   0.94     -56      
   2.8e+03   1.1e+02   0.94     -71      
   2.8e+03   1.1e+02   0.94     -71      
   2.8e+03   1.1e+02   0.94     -71      
   2.8e+03   1.1e+02   0.94     -71      
   2.8e+03   1.1e+02   0.9      -26      
   2.8e+03   1.1e+02   0.9      -26      
   2.8e+03   1.1e+02   0.9      -26      
   2.8e+03   1.1e+02   0.9      -26      
   2.8e+03   1.1e+02   0.9      -11      
   2.8e+03   1.1e+02   0.9      -11      
   2.8e+03   1.1e+02   0.9      -11      
   2.8e+03   1.1e+02   0.9      -11      

EFC_D
   6.5     
   6.5     
   6.5     
   6.5     
   6.3     
   6.3     
   6.3     
   6.3     
   8.8     
   8.8     
   8.8     
   8.8     
   8.4     
   8.4     
   8.4     
   8.4     
   9.7     
   9.7     
   9.7     
   9.7     
   8.9     
   8.9     
   8.9     
   8.9     
   5.4     
   5.4     
   5.4     
   5.4     
   5.4     
   5.4     
   5.4     
   5.4     

EFC_R
   0.15    
   0.15    
   0.15    
   0.15    
   0.16    
   0.16    
   0.16    
   0.16    
   0.11    
   0.11    
   0.11    
   0.11    
   0.12    
   0.12    
   0.12    
   0.12    
   0.1     
   0.1     
   0.1     
   0.1     
   0.11    
   0.11    
   0.11    
   0.11    
   0.18    
   0.18    
   0.18    
   0.18    
   0.19    
   0.19    
   0.19    
   0.19    

ACTUATOR_VELOCITY
  -0.0027  
   0.013   
  -0.0023  
   0.00026 
   0.0036  
  -0.012   
   0.00022 
  -0.011   
   0.00079 
  -0.0021  
   0.0008  
   0.01    

CVEL
   0         0         0         0         0         0       
  -0.00044  -0.00075   0.0016   -0.0013   -0.00088  -0.001   
  -0.00055  -0.0035    0.0016   -0.0014   -0.00087  -0.001   
   0.013    -0.004     0.0021   -0.0014   -0.0016   -0.0025  
   0.013    -0.0036   -9.9e-05  -0.0016   -0.0016   -0.0025  
   0.013    -0.0034   -5.6e-05  -0.0015   -0.0016   -0.0025  
   0.013     0.00018   0.00054   0.00052  -0.0015   -0.0025  
   0.00049  -1.5e-05   0.00053   0.00041   0.0053   -9.8e-05 
  -0.00043  -0.00053   0.0016   -0.0013   -0.00088  -0.001   
  -0.011    -8.4e-05   0.0013   -0.0013   -0.00031  -0.0022  
  -0.011     4.4e-05   0.0021   -0.0013   -0.00031  -0.0022  
  -0.011    -0.002     0.0024   -0.0019   -0.00037  -0.0021  
  -0.011    -0.0012    0.0023   -0.0015   -0.00032  -0.0021  
  -0.0011   -0.00014   0.0023   -0.00087  -0.0059   -0.00024 

CDOF_DOT
   0         0         0         0         0         0       
   0         0         0         0         0         0       
   0         0         0         0         0         0       
   0         0        -0        -4.7e-05  -0.0011    0.00098 
   0         0         0         0.0011   -4.2e-05  -0.0013  
   0        -0         0        -0.00093   0.0014   -2.1e-06 
  -0.0016    6.6e-05  -0.00041   0.001     1.4e-05  -0.0013  
  -7.1e-05   0.0016    0.0035    0.00038  -0.001     0.00096 
  -0.0036   -0.013    -0.0023   -0.002     0.0016    0.00041 
  -0.0005   -0.0021    0.013     0.0022    0.00013  -0.00052 
  -0.0005   -0.0021    0.013     0.0022    0.00017   0.00049 
  -8.3e-06   0.00053   2.3e-05   0.0003   -1.6e-06  -0.0056  
  -0.0016    6.6e-05  -0.00041   0.001     1.4e-05  -0.0013  
   5.1e-05   0.0016    0.00055  -3.8e-05  -0.00095   0.00095 
  -0.00029   0.011    -0.0018    5e-05     0.0011   -0.00019 
  -0.002    -0.0021   -0.011     0.0021    0.00037  -0.0017  
  -0.002    -0.0021   -0.011     0.0021    0.00094  -0.0014  
  -0.00025   0.0023    2.8e-05   0.0013    0.0001    0.0064  

QFRC_BIAS
  -5.2e-05 
   1.1e-05 
   3.1e+02 
  -0.17    
  -17      
   0.022   
   0.29    
   2.2     
  -0.14    
   0.16    
   0.0043  
  -0.00014 
   0.35    
  -2.3     
   0.13    
   0.25    
   0.0042  
   0.00036 

QFRC_SPRING
   0       
   0       
   0       
   0       
   0       
   0       
   0       
   0       
   0       
   0       
   0       
   0       
   0       
   0       
   0       
   0       
   0       
   0       

QFRC_DAMPER
   0       
   0       
   0       
   0       
   0       
   0       
   0       
   0       
   0       
   0       
   0       
   0       
   0       
   0       
   0       
   0       
   0       
   0       

QFRC_GRAVCOMP
   0       
   0       
   0       
   0       
   0       
   0       
   0       
   0       
   0       
   0       
   0       
   0       
   0       
   0       
   0       
   0       
   0       
   0       

QFRC_FLUID
   0       
   0       
   0       
   0       
   0       
   0       
   0       
   0       
   0       
   0       
   0       
   0       
   0       
   0       
   0       
   0       
   0       
   0       

QFRC_PASSIVE
   0       
   0       
   0       
   0       
   0       
   0       
   0       
   0       
   0       
   0       
   0       
   0       
   0       
   0       
   0       
   0       
   0       
   0       

EFC_VEL
   0.0055  
  -0.0056  
  -0.00038 
   0.00031 
   0.0057  
  -0.0057  
  -0.00037 
   0.00032 
   0.0056  
  -0.0056  
  -0.00028 
   0.00031 
   0.0057  
  -0.0057  
  -0.00027 
   0.00031 
  -0.0068  
   0.0068  
   0.00022 
  -0.0002  
  -0.0062  
   0.0063  
   0.00029 
  -0.00024 
  -0.0069  
   0.0067  
   0.00035 
  -0.00053 
  -0.0064  
   0.0062  
   0.00041 
  -0.00058 

EFC_AREF
   0.45    
   1.6     
   1.1     
   1       
   0.34    
   1.5     
   0.98    
   0.91    
   1.1     
   2.3     
   1.7     
   1.6     
   0.97    
   2.2     
   1.6     
   1.5     
   2.6     
   1.2     
   1.9     
   1.9     
   2.3     
   1       
   1.6     
   1.7     
   1       
  -0.38    
   0.29    
   0.38    
   0.81    
  -0.51    
   0.1     
   0.2     

SUBTREE_LINVEL
   0         0         0       
   0         0         0       
   0         0         0       
   0         0         0       
   0         0         0       
   0         0         0       
   0         0         0       
   0         0         0       
   0         0         0       
   0         0         0       
   0         0         0       
   0         0         0       
   0         0         0       
   0         0         0       

SUBTREE_ANGMOM
   0         0         0       
   0         0         0       
   0         0         0       
   0         0         0       
   0         0         0       
   0         0         0       
   0         0         0       
   0         0         0       
   0         0         0       
   0         0         0       
   0         0         0       
   0         0         0       
   0         0         0       
   0         0         0       

ACTUATOR_FORCE
  -1.4     
   4.5     
  -0.092   
  -0.67    
   0.53    
  -2       
  -0.27    
  -2.8     
   0.3     
   0.34    
  -0.048   
   4.8     

QFRC_ACTUATOR
   0       
   0       
   0       
   0       
   0       
   0       
  -1.4     
   4.5     
  -0.092   
  -0.67    
   0.53    
  -2       
  -0.27    
  -2.8     
   0.3     
   0.34    
  -0.048   
   4.8     

QFRC_SMOOTH
   5.2e-05 
  -1.1e-05 
  -3.1e+02 
   0.17    
   17      
  -0.022   
  -1.7     
   2.3     
   0.051   
  -0.84    
   0.52    
  -2       
  -0.62    
  -0.45    
   0.17    
   0.092   
  -0.052   
   4.8     

QACC_SMOOTH
  -0.74    
   0.29    
  -9.8     
  -0.41    
   6.7     
  -0.83    
  -12      
   19      
  -2.3     
  -11      
   2.3e+02 
  -1.2e+03 
  -21      
  -27      
   50      
   16      
  -57      
   2.7e+03 

EFC_B
   41      
   96      
   70      
   67      
   2.6     
   42      
   24      
   21      
  -74      
  -19      
  -41      
  -52      
  -1.1e+02 
  -73      
  -87      
  -98      
  -89      
  -2.1e+02 
  -1.5e+02 
  -1.5e+02 
  -68      
  -2.1e+02 
  -1.4e+02 
  -1.4e+02 
   1.8e+02 
   66      
   1.3e+02 
   1.2e+02 
   2e+02   
   63      
   1.4e+02 
   1.2e+02 

EFC_FORCE
   2.9     
   11      
   7       
   6.5     
   2.2     
   9.7     
   6.1     
   5.7     
   9.6     
   20      
   15      
   14      
   8.2     
   18      
   14      
   13      
   25      
   11      
   18      
   18      
   21      
   9.1     
   15      
   15      
   5.7     
   0       
   1.6     
   2.1     
   4.4     
   0       
   0.53    
   1.1     

EFC_STATE
  1
  1
  1
  1
  1
  1
  1
  1
  1
  1
  1
  1
  1
  1
  1
  1
  1
  1
  1
  1
  1
  1
  1
  1
  1
  0
  1
  1
  1
  0
  1
  1

QFRC_CONSTRAINT
  -0.0003  
   0.017   
   3.1e+02 
  -0.17    
  -17      
   0.024   
   1.7     
  -2.3     
  -0.051   
   0.84    
  -0.52    
   2       
   0.62    
   0.45    
  -0.17    
  -0.092   
   0.052   
  -4.8     

QFRC_INVERSE
   0       
   0       
   0       
   0       
   0       
   0       
   0       
   0       
   0       
   0       
   0       
   0       
   0       
   0       
   0       
   0       
   0       
   0       

CACC
   0         0         0         0         0         0       
   0         0         0         0         0         0       
   0         0         0         0         0         0       
   0         0         0         0         0         0       
   0         0         0         0         0         0       
   0         0         0         0         0         0       
   0         0         0         0         0         0       
   0         0         0         0         0         0       
   0         0         0         0         0         0       
   0         0         0         0         0         0       
   0         0         0         0         0         0       
   0         0         0         0         0         0       
   0         0         0         0         0         0       
   0         0         0         0         0         0       

CFRC_INT
   0         0         0         0         0         0       
   0         0         0         0         0         0       
   0         0         0         0         0         0       
   0         0         0         0         0         0       
   0         0         0         0         0         0       
   0         0         0         0         0         0       
   0         0         0         0         0         0       
   0         0         0         0         0         0       
   0         0         0         0         0         0       
   0         0         0         0         0         0       
   0         0         0         0         0         0       
   0         0         0         0         0         0       
   0         0         0         0         0         0       
   0         0         0         0         0         0       

CFRC_EXT
   0         0         0         0         0         0       
   0         0         0         0         0         0       
   0         0         0         0         0         0       
   0         0         0         0         0         0       
   0         0         0         0         0         0       
   0         0         0         0         0         0       
   0         0         0         0         0         0       
   0         0         0         0         0         0       
   0         0         0         0         0         0       
   0         0         0         0         0         0       
   0         0         0         0         0         0       
   0         0         0         0         0         0       
   0         0         0         0         0         0       
   0         0         0         0         0         0       

